,GOLD,WHEAT,NIKKEI,COPPER
0,0.25513226948653145,0.0605061463486887,0.3083956395909716,0.3759659445738082
1,0.5437831176095035,0.2873668340356995,0.024971108517014846,0.14387893983778213
2,0.22711146231469234,0.2454992402113347,0.22453190750164545,0.3028573899723275
3,0.1116693749482938,0.3647347441026439,0.3630420090638467,0.1605538718852156
4,0.1895562642924341,0.3924781776792836,0.16959576354960382,0.24836979447867852
5,0.008141140088546458,0.25459283542062794,0.7114840723068142,0.0257819521840114
6,0.675366279986248,0.2960061664729778,0.02481302059413694,0.003814532946637398
7,0.19059779404534596,0.25015921135818364,0.2874826089339374,0.27176038566253286
8,0.5198385880719962,0.24359955879450276,0.09384767226048507,0.1427141808730158
9,0.3030390785355603,0.19705866609157696,0.4644270898843575,0.03547516548850533
10,0.26367045311634374,0.32514070611522405,0.2601569567220578,0.15103188404637433
11,0.00971946727030975,0.39462615586689187,0.22426285275585817,0.37139152410694015
12,0.2874890864997036,0.08955050386655067,0.5076588680016135,0.1153015416321323
13,0.3105883450361624,0.332533829345083,0.11849544537804439,0.2383823802407102
14,0.13286450592053234,0.27633419446056257,0.4397670986153342,0.15103420100357084
15,0.5340308180604952,0.13215102941418827,0.09014846461047869,0.2436696879148378
16,0.2891932697450145,0.2790101980408955,0.17068984299646084,0.2611066892176292
17,0.14540303751977307,0.2228623796225902,0.23073053764629886,0.40100404521133787
18,0.2152954360319205,0.28781827316894404,0.268058965361442,0.22882732543769344
19,0.04595504683543463,0.12771198799736622,0.37203628889351814,0.454296676273681
20,0.4053641036288358,0.349731833911508,0.050240272419514724,0.1946637900401415
21,0.09783464287934378,0.0545114532729073,0.4702904331968472,0.3773634706509017
22,0.1135871126341127,0.3638862240189757,0.39397641896695307,0.1285502443799584
23,0.18327805341888478,0.33486165122072575,0.30611734599130525,0.17574294936908433
24,0.4080506876891243,0.175160080428904,0.22147661090991114,0.19531262097206054
25,0.1829238410426289,0.49677501053430645,0.013509046171142108,0.30679210225192255
26,0.3817411098761357,0.30605933813028124,0.22966526493160883,0.08253428706197433
27,0.28568043385393466,0.1571230596548019,0.22325233043817036,0.3339441760530931
28,0.20090596735990524,0.2939878831775688,0.22363763553284396,0.28146851392968214
29,0.22767842445903183,0.3005114504221653,0.29263999918463823,0.17917012593416454
30,0.3252615973448793,0.32540559111721806,0.03866160857453839,0.31067120296336437
31,0.4042055174237096,0.1501281323819948,0.3027814945492007,0.1428848556450949
32,0.02775304718324773,0.08890532851068107,0.48510282089620493,0.39823880340986634
33,0.42818153255681485,0.22192738486659264,0.2305955080445406,0.11929557453205186
34,0.26822847549441453,0.23526854785726276,0.22771817112012951,0.2687848055281931
35,0.03846173377154542,0.46935207229811343,0.11924494340921844,0.37294125052112265
36,0.14969589165278546,0.15292271818128925,0.37189902096688954,0.32548236919903567
37,0.05296209074010069,0.25769152569682585,0.3664189357330514,0.32292744783002203
38,0.43879178377816636,0.1510065155344457,0.23581531108201265,0.1743863896053753
39,0.23343828603318464,0.3236984912855837,0.3459381461373902,0.09692507654384161
40,0.0560076687393568,0.42576719579595806,0.36430641911754635,0.15391871634713875
41,0.36041344063331165,0.32545076747008655,0.17907706424149608,0.13505872765510574
42,0.2785329085001328,0.14666382750424709,0.19718008917007168,0.37762317482554836
43,0.19624419548445532,0.20110950846465042,0.3130195818094931,0.28962671424140124
44,0.21301212092377922,0.4692610475482058,0.31668491808924426,0.0010419134387706231
45,0.3308650732499113,0.05529750518760002,0.40092734798610524,0.21291007357638345
46,0.4880264757464976,0.06997756074339863,0.3118042242908663,0.13019173921923738
47,0.3913017383295397,0.26942316252122217,0.028112587582835177,0.3111625115664029
48,0.3607514373611679,0.1540024903378255,0.13801435652887054,0.3472317157721361
49,0.2514754374061846,0.23945621191401756,0.33127117200989514,0.1777971786699027
50,0.38660194310007184,0.5121493069096859,0.07854634893638836,0.022702401053853936
51,0.5625544786177356,0.38757588047220737,0.047380083091671084,0.0024895578183859847
52,0.42349081705316,0.031115676820700062,0.10363517672887436,0.4417583293972656
53,0.3402183965662597,0.17612550833576396,0.18582238486529062,0.29783371023268573
54,0.3627316794427817,0.24479357993786002,0.205362272346318,0.18711246827304037
55,0.2747220158863386,0.41524103510199717,0.08225187755235357,0.22778507145931068
56,0.023516594182725413,0.2781580667174266,0.6009731348350269,0.09735220426482095
57,0.22004151516531195,0.26861641646070794,0.2682923071781939,0.24304976119578625
58,0.022393736223184697,0.543799306382861,0.1071894070730046,0.3266175503209498
59,0.27925865184833054,0.1460177099646367,0.240938748789235,0.33378488939779777
60,0.24773620502760543,0.29171759640478434,0.16111532677628176,0.29943087179132843
61,0.24206806863732333,0.30460084875996796,0.32960342447962715,0.12372765812308158
62,0.3865771269330468,0.076702207845208,0.12138476886452088,0.41533589635722423
63,0.13023934617666957,0.038028963024329794,0.5945550902276745,0.237176600571326
64,0.4980302699152712,0.34596229082460583,0.0879491618222807,0.06805827743784237
65,0.30731645676192637,0.1355648125575022,0.28146798013762886,0.2756507505429426
66,0.4679796556432335,0.09591381592786026,0.022586969716917652,0.41351955871198853
67,0.14347325449714318,0.33819837460856544,0.25708378605036053,0.2612445848439308
68,0.5835193377678012,0.03695148812615412,0.3465710085936402,0.032958165512404526
69,0.28962898319691505,0.017624697337924093,0.4525896616919961,0.24015665777316478
70,0.44829061174527457,0.05249092143308508,0.421310402307479,0.07790806451416132
71,0.20702467242982536,0.5038848031089369,0.10601821005269443,0.18307231440854335
72,0.07544676383194494,0.3091692392745816,0.027993087937479334,0.5873909089559942
73,0.04019099306205952,0.33091236446484035,0.30090160875769223,0.32799503371540795
74,0.11685959585173827,0.10594606155798889,0.3361326277577753,0.4410617148324977
75,0.227453905030147,0.2394877739981776,0.24540258860264774,0.2876557323690276
76,0.11224358437917233,0.15758682917788785,0.4710062384960506,0.25916334794688917
77,0.07984849563816715,0.11405283128424581,0.4623462998649874,0.3437523732125996
78,0.24910615883625806,0.2694653840170768,0.2316836985814807,0.2497447585651844
79,0.35605210515195573,0.056938458956680704,0.2802063186342637,0.30680311725709997
80,0.16605997730833275,0.2646321441853878,0.24767005858775878,0.32163781991852064
81,0.2979045843019108,0.12107892454027437,0.427418171579137,0.1535983195786779
82,0.1415145953632897,0.4715551786719001,0.15944900823856342,0.2274812177262468
83,0.28321189153455173,0.6115295994240255,0.028918884507177167,0.07633962453424556
84,0.19432355593058406,0.22046858768467748,0.31190443970565057,0.2733034166790878
85,0.07943430899212624,0.3775362414408576,0.22625388931748636,0.3167755602495298
86,0.23954975804265502,0.21598080294980593,0.4861035888807039,0.05836585012683528
87,0.0016411236753983661,0.2595566221119887,0.3741158269816027,0.36468642723101036
88,0.12851682796375435,0.2764238106085677,0.3431712816889288,0.2518880797387492
89,0.26448226902512234,0.23145096397098386,0.3461987272404964,0.15786803976339728
90,0.23576258986667756,0.2431353731061417,0.34441380537624927,0.17668823165093128
91,0.26147605266600543,0.07418225777504955,0.4018906065492841,0.26245108300966097
92,0.13558642286663625,0.3868534818220344,0.42850335073215545,0.0490567445791738
93,0.011780609400867632,0.20415964025997363,0.42114693683303656,0.3629128135061221
94,0.22614728337633302,0.21671073987097936,0.2165647235628719,0.34057725318981574
95,0.20964284406989447,0.09690172778533551,0.2528214328350276,0.4406339953097425
96,0.05692627689974116,0.40866021239555994,0.3014280394378491,0.2329854712668497
97,0.36029044165128316,0.04948608796607917,0.22704123879189067,0.36318223159074714
98,0.3385219062315671,0.29784356676306295,0.26782607887501986,0.09580844813035005
99,0.12013865261701134,0.407637639061677,0.20577664550125285,0.26644706282005887
100,0.07284055839980508,0.023927251749872366,0.3935263708336531,0.5097058190166694
101,0.012056120207532963,0.43762848431056384,0.30094409618249995,0.24937129929940324
102,0.003796381528335417,0.3756880832691599,0.19871824212249412,0.4217972930800104
103,0.032834007983935036,0.4585966757611154,0.2030038656825504,0.3055654505723992
104,0.2721056992725632,0.2935659812403954,0.25121424578098017,0.18311407370606117
105,0.19603892468254688,0.24436749141100286,0.2552558467569503,0.30433773714949997
106,0.17862456376186306,0.06319102131860277,0.1174274512107511,0.640756963708783
107,0.31316194367419015,0.16772495454942074,0.3011438388836814,0.21796926289270763
108,0.3548160746713341,0.2906304439781723,0.04223542942831275,0.3123180519221809
109,0.3319600530699616,0.002797973094327862,0.3290546742516173,0.3361872995840932
110,0.32704612039423336,0.06890536803188924,0.0306062799397055,0.5734422316341719
111,0.1528032051678757,0.44943720519507263,0.1338726312566753,0.2638869583803763
112,0.3182201346768505,0.32235376888233636,0.10963482018482801,0.2497912762559853
113,0.37012559060873995,0.13074319935418696,0.1562283164954546,0.34290289354161846
114,0.23776297415066724,0.23709551656341218,0.15799184778646105,0.36714966149945955
115,0.04372025851798235,0.6805303419034692,0.2517817257931338,0.023967673785414735
116,0.3231109478075535,0.07171175994322043,0.27555622762004356,0.32962106462918256
117,0.11371111164365634,0.2110056680864608,0.26863052398730397,0.40665269628257883
118,0.5215712696024677,0.06035493262969156,0.0642413154699527,0.3538324822978881
119,0.08826553647964497,0.22207065894761324,0.6344320469146583,0.05523175765808351
120,0.09313829534710305,0.2687049445068497,0.19944157464057788,0.43871518550546945
121,0.25415569836844915,0.06312174458081711,0.29698871518656744,0.38573384186416637
122,0.3570839746176525,0.2579752717002725,0.17170274899229176,0.2132380046897831
123,0.45019200561240286,0.34682480655347514,0.1111837418020033,0.09179944603211876
124,0.2921326776743462,0.11878509162846684,0.20573585878997627,0.38334637190721055
125,0.24976284758054737,0.270928117279787,0.40139401179101786,0.07791502334864775
126,0.191910385435039,0.18791035062445996,0.35158606713903556,0.26859319680146554
127,0.22560872647931512,0.15315175188546032,0.42225095096393167,0.19898857067129297
128,0.34450507575913014,0.06428673227066463,0.2025307909605192,0.38867740100968606
129,0.08436199115103757,0.4515807632674841,0.2974874049752952,0.1665698406061833
130,0.37709802319411123,0.3535713109292814,0.11351599361438182,0.15581467226222553
131,0.2713323133863849,0.3442664417729457,0.14892555337439353,0.235475691466276
132,0.30936970755373105,0.3219975639470834,0.32744558760695097,0.04118714089223459
133,0.3204854362546688,0.3756441911086902,0.20857804738258298,0.09529232525405801
134,0.34073366563520596,0.043732750796854125,0.2626579104158788,0.352875673152061
135,0.25211990264885686,0.17929641136771438,0.3500083667932498,0.21857531919017903
136,0.1547295811001805,0.35440284382796794,0.16654467303603784,0.3243229020358137
137,0.13193645617336536,0.301065079999179,0.1911873142253056,0.37581114960215006
138,0.23685381490016216,0.05682130579126091,0.4488015633778856,0.2575233159306913
139,0.08151085089353062,0.011594474194510396,0.4463396843101137,0.46055499060184524
140,0.286637651141751,0.08012291795123988,0.2962316270204734,0.3370078038865358
141,0.3531106069527151,0.3141495689000461,0.06314848646401824,0.2695913376832205
142,0.30037400198382797,0.367507630122712,0.24546050129993577,0.08665786659352427
143,0.3974406962218047,0.2824771462531988,0.20275377617688675,0.11732838134810959
144,0.2801687245042043,0.2318351408708483,0.23117872210651802,0.2568174125184293
145,0.20361234181025445,0.34465853893353743,0.39136031355549744,0.060368805700710654
146,0.21238872288666652,0.3736209065720446,0.1404522735823813,0.2735380969589075
147,0.40063299742338904,0.007616770575176422,0.09172773338586808,0.5000224986155665
148,0.17235341517639405,0.1474871340680568,0.4379699663545291,0.24218948440102006
149,0.3913598049873848,0.3780057162544495,0.19797939589054078,0.03265508286762491
150,0.43926594927744417,0.11226821880008786,0.006732024274433344,0.44173380764803466
151,0.2747628491090004,0.29756849359064075,0.1792449590305302,0.24842369826982866
152,0.05895895571353225,0.4641141207903841,0.005474269640641769,0.47145265385544183
153,0.06627164833159557,0.4879012153585421,0.3393634474839476,0.10646368882591488
154,0.11771898888347322,0.1965236474340047,0.311278937006124,0.37447842667639814
155,0.26797002445148854,0.33593272424323334,0.26499828066573283,0.13109897063954543
156,0.1756833080152832,0.2933783242723871,0.30462945979213585,0.2263089079201938
157,0.39485526792927417,0.0014935777158860224,0.33425844137524324,0.2693927129795965
158,0.3611959604551113,0.01959941559037284,0.09410386214541647,0.5251007618090993
159,0.28055664108631345,0.20252228397799196,0.07568697820699169,0.4412340967287028
160,0.21885325839566494,0.014832677081559687,0.26132079641392936,0.504993268108846
161,0.5305294247921284,0.213173046859881,0.2301694319060452,0.026128096441945307
162,0.3191606592749289,0.24865868318915305,0.36681424310564487,0.0653664144302732
163,0.15800800994837405,0.2374462353373897,0.3000281768225418,0.3045175778916946
164,0.004652691032009615,0.4508606045350054,0.4556811988133671,0.08880550561961775
165,0.3083862435227521,0.46122330234885034,0.046502903253073574,0.18388755087532396
166,0.25423668345720646,0.31928939156841835,0.03664749809822753,0.3898264268761476
167,0.21975322095725128,0.2784110694712079,0.2659475514833929,0.23588815808814795
168,0.27296391906466183,0.21623132965477343,0.27508546817483337,0.2357192831057315
169,0.11093098474923067,0.147990305891983,0.2560159159834508,0.4850627933753356
170,0.44305139498920576,0.26874717452599156,0.11611051934577817,0.17209091113902453
171,0.25088400399811417,0.1563874166856488,0.5621412576859643,0.030587321630272786
172,0.4801734348347822,0.14864937206383985,0.297954997236106,0.07322219586527187
173,0.23362712534816282,0.451860350005813,0.03390754097652899,0.2806049836694952
174,0.14564653557618196,0.43739120064348463,0.36423394266702575,0.05272832111330766
175,0.32504092570894194,0.262345203048022,0.2849378709904763,0.12767600025255973
176,0.3357686196937216,0.1013646728219128,0.2588473403246007,0.30401936715976485
177,0.25770094118829273,0.3503640189714326,0.3739148793948219,0.018020160445452713
178,0.19206494966885648,0.08526387322110027,0.4159223751976852,0.30674880191235815
179,0.46490015332739276,0.07850112977448444,0.03479709904324617,0.42180161785487663
180,0.14121015912597473,0.24535517226070805,0.2882862075171536,0.3251484610961636
181,0.3895515890159079,0.2592925971810112,0.11893923822274476,0.2322165755803361
182,0.02292589514197714,0.011702457964734153,0.34556415606481306,0.6198074908284756
183,0.35370375958196,0.13325112452553375,0.4069349137155467,0.10611020217695959
184,0.23855529732447672,0.35165852063360864,0.1660509632037886,0.24373521883812604
185,0.22211759043673723,0.25845455645621296,0.2652568346312532,0.25417101847579643
186,0.4202071082839114,0.3419812238119018,0.11587879388881951,0.12193287401536727
187,0.07288717706386995,0.3131535090560738,0.27689772684173314,0.33706158703832323
188,0.39671868791137155,0.11016988485576643,0.09616224668897226,0.3969491805438898
189,0.38040546277073906,0.22459176206607742,0.2926642257284135,0.10233854943476998
190,0.31184354106410883,0.28052486106188373,0.039083450677703496,0.36854814719630397
191,0.1752004943564029,0.09863186320478887,0.3450262662543855,0.38114137618442273
192,0.06530781949014455,0.1778227456414641,0.36764748459675983,0.3892219502716314
193,0.26830168141586586,0.3403849093628343,0.10725463607712384,0.28405877314417605
194,0.10144635255319852,0.2003589172275456,0.14521363358286496,0.5529810966363911
195,0.25956086776822496,0.01277335160601376,0.40474041841937963,0.32292536220638157
196,0.344396251573008,0.1251498168029977,0.2845979784835087,0.24585595314048556
197,0.2462782989009204,0.38758787155424756,0.25917833064322654,0.10695549890160547
198,0.34666166829581957,0.31495974681794653,0.1437527528763647,0.1946258320098693
199,0.40954529902825854,0.09195717596498106,0.026343337221684467,0.472154187785076
200,0.12657813193947348,0.05062667804175619,0.4205758102179391,0.4022193798008313
201,0.2896671228886392,0.2322313520756742,0.17716667720079615,0.30093484783489033
202,0.3075201066425063,0.05057808011897267,0.2581785441762557,0.38372326906226534
203,0.3351322726209775,0.1359593553693681,0.09350908464476551,0.4353992873648889
204,0.22317282890846055,0.09727685578426935,0.5028863569865909,0.1766639583206793
205,0.5693078684817161,0.07274362772410516,0.0483641893141906,0.3095843144799881
206,0.19730345993186574,0.5210558274237559,0.023825404932153252,0.2578153077122252
207,0.6011161537298968,0.24527209462289137,0.04178782561426386,0.11182392603294798
208,0.12483467752321736,0.40555085192333795,0.33352995612829917,0.1360845144251455
209,0.5865650351437924,0.18097306449812336,0.052834941162688866,0.17962695919539529
210,0.33729584683911645,0.03660842991537913,0.02739032311586752,0.5987054001296369
211,0.028499427556780487,0.08896127123344448,0.5124643413421819,0.37007495986759326
212,0.5353129546349804,0.28698336482396436,0.0428398963025873,0.13486378423846795
213,0.17965989093251278,0.11184311328789408,0.3306835278303482,0.3778134679492449
214,0.02842500992472745,0.4598076566920715,0.06945306045286047,0.44231427293034054
215,0.4763326206594581,0.18124799381186876,0.2186098023037945,0.12380958322487863
216,0.18302972077059804,0.31445987522110036,0.3249071931471185,0.1776032108611832
217,0.002031721817675312,0.17167119723405827,0.07842950254468133,0.7478675784035851
218,0.2627386027252527,0.5052527047263428,0.1319000385415263,0.10010865400687838
219,0.3527316117932756,0.27570587436527605,0.1712644676793584,0.20029804616208996
220,0.4500266460743791,0.23343937378359475,0.039145570769980556,0.27738840937204545
221,0.6750063473748263,0.22979952515669402,0.08338088860798817,0.011813238860491442
222,0.12074866647037848,0.31024105127095486,0.41015210421204695,0.15885817804661967
223,0.325723168864819,0.3831625343682713,0.017319026329214126,0.27379527043769547
224,0.29953211130653756,0.36096678150809103,0.2585900899665297,0.08091101721884167
225,0.4379038109109582,0.3278660148941449,0.08112526634582018,0.15310490784907677
226,0.122324493287028,0.19574571321076673,0.5147373037627766,0.16719248973942874
227,0.1852436976681779,0.23802607786897886,0.2954450048193632,0.2812852196434801
228,0.06776535770687972,0.2914780342057849,0.2895188977236344,0.35123771036370105
229,0.050699751486033603,0.2389370083360179,0.3175145825341645,0.39284865764378407
230,0.6520944570548998,0.10587264060064595,0.10201407741151615,0.1400188249329381
231,0.0321918033859157,0.3701131654413941,0.5018721791013845,0.09582285207130563
232,0.36612280411212583,0.07325881651751308,0.11618969606070205,0.444428683309659
233,0.015618832885961,0.41033767470671784,0.1906195180152492,0.38342397439207215
234,0.2534483861372742,0.2101029795743706,0.2643010683726229,0.2721475659157323
235,0.31049253393091375,0.15987858226677443,0.4589288708038231,0.07070001299848881
236,0.048656058802640706,0.2226633179512056,0.2250032399100102,0.5036773833361435
237,0.1718998558647216,0.2903680006466965,0.2380759872723542,0.2996561562162277
238,0.24332619006029926,0.3829711309179773,0.23427880586510277,0.13942387315662072
239,0.24694288792805363,0.2140812077621467,0.18330263206234873,0.3556732722474509
240,0.35545857195232305,0.2572941670648592,0.1879089008281294,0.19933836015468828
241,0.40700395629716174,0.26182405200745246,0.10043929937181174,0.230732692323574
242,0.2653654407538389,0.2330768302095781,0.20887947421159722,0.29267825482498583
243,0.342929904625601,0.185591829792434,0.26455341487712647,0.20692485070483854
244,0.28673536858495463,0.23462905523441727,0.3695154772764689,0.10912009890415907
245,0.2125893267137971,0.25183443258828575,0.2523053959982931,0.2832708446996241
246,0.38113045057627587,0.023766251829788736,0.3955300953483674,0.19957320224556793
247,0.39469148517374775,0.3979556662332311,0.014645180694040754,0.1927076678989805
248,0.3107438748714696,0.2544920826367628,0.32103681621063584,0.11372722628113172
249,0.18874628627116358,0.2991810697694129,0.3705361407997321,0.14153650315969135
250,0.0010793167557027147,0.301013559074203,0.31845405922481196,0.3794530649452824
251,0.36320465236744504,0.1798492201127167,0.2655121214973195,0.1914340060225187
252,0.061291664287140064,0.3327847475469972,0.03794977539011441,0.5679738127757483
253,0.1078426728828948,0.31074113390111857,0.26655015302218765,0.31486604019379905
254,0.1579766410123991,0.13709583347554188,0.34217471004169836,0.3627528154703606
255,0.49323601986844384,0.08815520265499246,0.18517139195809712,0.2334373855184664
256,0.21258012266932538,0.4732169488444321,0.28259610392408024,0.03160682456216223
257,0.2896687772212741,0.031070716854810367,0.3677223592806675,0.3115381466432481
258,0.2596868166961288,0.22945614051494057,0.251796356327511,0.25906068646141955
259,0.3293933375305752,0.3038585639048734,0.22287077079489814,0.14387732776965345
260,0.02223227322859425,0.4079104655882195,0.02074031035464746,0.5491169508285388
261,0.12706890454031528,0.5425719927294276,0.1782263398311872,0.15213276289907
262,0.1995475584625541,0.18977573481232787,0.2856094560223675,0.32506725070275055
263,0.40088211751119374,0.20302581642938075,0.3384315131260053,0.0576605529334202
264,0.45791396282020436,0.024075927348397815,0.4005209420152964,0.11748916781610141
265,0.3369085300789879,0.42755121315911493,0.1733568296935289,0.062183427068368234
266,0.678749753274976,0.1290982951178694,0.0023854931397561995,0.18976645846739842
267,0.18945881289469693,0.2660656243352293,0.16503800856776743,0.37943755420230624
268,0.34201626825272996,0.16582758686931956,0.27149276499103064,0.22066337988691986
269,0.5650774108218032,0.08940754912412617,0.2752422314003272,0.07027280865374354
270,0.38976575842298145,0.32550365353895466,0.10154360329429502,0.18318698474376896
271,0.35084595588270123,0.38487168954171475,0.016991062350403683,0.2472912922251803
272,0.2753928547055916,0.19437784964764884,0.19796446554717592,0.3322648300995836
273,0.32155393805135957,0.19136863026261233,0.24222024417922725,0.2448571875068008
274,0.25854322000339525,0.25083782485835737,0.2285158951304733,0.26210306000777395
275,0.04910926653536604,0.4378620530084006,0.11586157750155968,0.3971671029546738
276,0.11010154695621516,0.32840564576865,0.2068151981465476,0.3546776091285872
277,0.2913475607486963,0.25862295261679374,0.30986602438072186,0.14016346225378803
278,0.28833840415963724,0.11610346853945008,0.33296582922073653,0.2625922980801762
279,0.4917751082967276,0.23181304126299476,0.14795854506534134,0.1284533053749363
280,0.48427004590993256,0.040027865629677674,0.040309228936730064,0.43539285952365964
281,0.1894298181736421,0.4118764641892758,0.31861034524324483,0.08008337239383725
282,0.2633484544854356,0.4697484640840034,0.17369677480760903,0.09320630662295185
283,0.031282684479358315,0.11280338126323582,0.37365885511634034,0.4822550791410655
284,0.11434830961161599,0.1335668116875626,0.3346989191153785,0.417385959585443
285,0.26076229901606446,0.23562097265510373,0.3117451536866295,0.1918715746422023
286,0.4152746179088769,0.44034127724340466,0.017640646988671717,0.12674345785904675
287,0.12470885121701947,0.12136474337066405,0.36268710300641255,0.391239302405904
288,0.22175580951423737,0.24075859118063142,0.07338988314142919,0.46409571616370193
289,0.2333526736276647,0.2871080196061133,0.4092213580069894,0.07031794875923261
290,0.10281633834004857,0.36063861851346,0.36118749295954516,0.1753575501869461
291,0.42152668758784156,0.1619394442332451,0.31840257116640847,0.09813129701250482
292,0.4382130353966753,0.3825141876092385,0.003215774263477728,0.1760570027306087
293,0.22549220560073457,0.29759417458232723,0.21378259675228545,0.26313102306465275
294,0.07968178626656494,0.1018464369695225,0.41544623818990417,0.4030255385740084
295,0.30758469291508755,0.2898763111131885,0.30406884597776146,0.09847014999396259
296,0.18852452672200648,0.043853564598306125,0.42776187401678795,0.3398600346628995
297,0.5672092431635355,0.10959604675829494,0.20821570797862254,0.11497900209954691
298,0.40877005785390996,0.18839771448379247,0.38729613653743616,0.015536091124861498
299,0.3397869272317698,0.2903211903961595,0.17250957585809432,0.19738230651397645
300,0.17764922984893672,0.2645349011184093,0.27067158511974027,0.28714428391291374
301,0.24571811124102247,0.20377642198865847,0.2924690829842138,0.2580363837861053
302,0.46615951431833513,0.19488741259885506,0.015993589718292532,0.32295948336451735
303,0.46448196520594265,0.2748437073078325,0.058575177581749564,0.20209914990447528
304,0.363272696737522,0.08314142923936423,0.13517410279900915,0.41841177122410456
305,0.04638985681603144,0.209151301307698,0.25807746553472166,0.4863813763415489
306,0.2970762010576951,0.2769942640597399,0.09660132049354399,0.32932821438902093
307,0.3173026575846484,0.3030680807138874,0.251215403010531,0.12841385869093316
308,0.22781459038487428,0.21796683026112712,0.2722105156109748,0.2820080637430238
309,0.3361432962544323,0.23007105357590532,0.14460762039053682,0.2891780297791256
310,0.4626112033271426,0.42927097100029066,0.049924666892167374,0.05819315878039939
311,0.3427996449747771,0.257392183781754,0.20868273822572755,0.1911254330177413
312,0.330392722488883,0.48912642747361307,0.06721012967978816,0.11327072035771578
313,0.5017800263646285,0.36799796898701087,0.003241950707304951,0.12698005394105552
314,0.174821960535731,0.02122406933256842,0.3351627694824629,0.4687912006492377
315,0.190233102738431,0.20581840473797683,0.22176681288929553,0.38218167963429667
316,0.28547468895816946,0.37316017551142483,0.10220302541027207,0.23916211012013366
317,0.15848437424099848,0.3518833794742113,0.08814413941257702,0.40148810687221326
318,0.2812573501794978,0.2750654646830563,0.2745255289845606,0.16915165615288513
319,0.29012924128824114,0.0899721702773171,0.14247165459578015,0.47742693383866164
320,0.2379576962677565,0.35476052368477423,0.11976906408280891,0.2875127159646603
321,0.35953788205267173,0.05631445947714123,0.27716220979054945,0.3069854486796375
322,0.3051172918954588,0.4062912473099031,0.10865642814317071,0.17993503265146732
323,0.17438379771673646,0.3256737996835091,0.28158804298244744,0.21835435961730695
324,0.339584171298477,0.0895918175317307,0.349678023996567,0.22114598717322537
325,0.1272177117774715,0.18845202492442578,0.3298123200268743,0.35451794327122854
326,0.30901170134879813,0.32780693095071634,0.08975535952554263,0.27342600817494295
327,0.21573838302435444,0.18074804638032513,0.29202996264550474,0.31148360794981567
328,0.0542979047584374,0.06613286054823064,0.355998764267374,0.523570470425958
329,0.7769841063034707,0.014276979439277221,0.14007448483132182,0.06866442942593029
330,0.17563637895566706,0.3654213976058478,0.28941179823139485,0.1695304252070903
331,0.20384348130379587,0.2906540430133717,0.22661316530000916,0.2788893103828232
332,0.06853200350258619,0.2963692061410869,0.40179113639863623,0.23330765395769065
333,0.23614047007297154,0.2386297682713734,0.33647788351993185,0.18875187813572322
334,0.24654272952528808,0.2923950437106991,0.13823852801097997,0.3228236987530328
335,0.30853777241461955,0.06252961415308338,0.3100983875934383,0.3188342258388588
336,0.17946826303068553,0.027382543639911907,0.40726729745677626,0.3858818958726262
337,0.22515887520954847,0.09233101871042676,0.26512532357478236,0.41738478250524247
338,0.27724161347194076,0.19618509140085894,0.2633718318773039,0.26320146324989635
339,0.07323992631089182,0.39012322234159036,0.46765542496780493,0.06898142637971283
340,0.32973941146248076,0.08645870590568971,0.40659214416767814,0.1772097384641515
341,0.2575646918020104,0.03852069427320245,0.3443555636326626,0.35955905029212454
342,0.22013853757102114,0.5840392494119674,0.15177742435075026,0.044044788666261075
343,0.6207209858249692,0.1749650691216015,0.11817237548131641,0.08614156957211312
344,0.36810758489757406,0.1072940899723318,0.3085999492633895,0.21599837586670467
345,0.383616145767896,0.22968009575940637,0.2065093809595175,0.18019437751318015
346,0.2644062604116666,0.35577861417568546,0.00497396855819554,0.3748411568544524
347,0.07063678191443841,0.5239160180692835,0.23982023027936228,0.16562696973691587
348,0.30572184839150157,0.15859920106187847,0.2552189924210035,0.28045995812561647
349,0.4594415412906204,0.03708012130465069,0.02491645620322983,0.47856188120149906
350,0.4152171722293584,0.3450585501629913,0.07515590674034266,0.16456837086730766
351,0.27997969766738945,0.12596376358084155,0.07691117589369473,0.5171453628580743
352,0.07786541663939482,0.27515730923496123,0.3061285158112052,0.34084875831443867
353,0.1493237908813294,0.448707237184159,0.39149218820951037,0.01047678372500124
354,0.23684270654905687,0.1924286912475224,0.32324285501352823,0.24748574718989252
355,0.38371928934150606,0.24805252612912038,0.25788197461237616,0.11034620991699733
356,0.4644096578204695,0.10150948772833891,0.05706512367079302,0.37701573078039863
357,0.21143679484964,0.04767788182179189,0.4557989272319227,0.2850863960966454
358,0.1762642891071588,0.3092404641848586,0.20116582537023997,0.3133294213377427
359,0.2129028835768594,0.3263345826294362,0.007507275253882094,0.4532552585398223
360,0.045271343028708624,0.7564891022662937,0.04457900752979296,0.15366054717520458
361,0.10116328521558378,0.42318485427940006,0.3039951501440464,0.17165671036096983
362,0.3115144083447317,0.4322989679119198,0.10408911988440622,0.15209750385894236
363,0.20346347913413682,0.06986606659601777,0.29094283739262705,0.43572761687721834
364,0.30038863747633626,0.20566894067985478,0.4523795982110094,0.04156282363279958
365,0.32824652706785395,0.2602350742144985,0.3076125040021472,0.10390589471550041
366,0.09599961209512968,0.281978270027356,0.34518760199748855,0.2768345158800259
367,0.03149225070725724,0.5146892051200005,0.4377049563559476,0.016113587816794738
368,0.526229668648374,0.09940227969723196,0.09002900729619058,0.28433904435820345
369,0.3462621672691127,0.14917989097060863,0.4251147256762362,0.07944321608404248
370,0.19818185309584085,0.05365336928345302,0.33250170466892365,0.41566307295178245
371,0.23703972937467493,0.09762071387297473,0.3310469274013053,0.3342926293510451
372,0.40149549509179633,0.13477748670907883,0.02232162363710788,0.441405394562017
373,0.367133626225359,0.11132358094035244,0.3270752715138687,0.19446752132041986
374,0.2538600369177982,0.22173419693290744,0.199306416726808,0.3250993494224864
375,0.040711999377316455,0.371197872882403,0.005688118690042864,0.5824020090502376
376,0.24679081468555947,0.3261145956392882,0.1767813037481655,0.25031328592698693
377,0.08368159367369264,0.3245369976383161,0.17851664090126654,0.4132647677867248
378,0.4459183475155869,0.3581499802351497,0.024783324299039646,0.17114834795022377
379,0.4381363042867822,0.07739179275207705,0.3341019758821118,0.1503699270790289
380,0.10149030405922102,0.25948802926682435,0.3790834759552826,0.259938190718672
381,0.2915210894185825,0.07687846274290953,0.4502397877238043,0.1813606601147036
382,0.2093992802842465,0.22370259010807167,0.23338148527880737,0.3335166443288745
383,0.2674439294533063,0.0735883063645012,0.29475783409034395,0.3642099300918485
384,0.1712499433147312,0.28936935599219565,0.4504196202674385,0.08896108042563476
385,0.3148101209086683,0.29794275182795016,0.25306218003175457,0.13418494723162697
386,0.5119808320511913,0.45941113196017214,0.02816648805173317,0.0004415479369034642
387,0.4554684137137728,0.29068282547574104,0.038189214416726944,0.21565954639375934
388,0.32795181319829075,0.09448472243505031,0.2689149951964645,0.3086484691701945
389,0.26448729693918466,0.36763732475760263,0.10801695400531085,0.25985842429790196
390,0.3033557458326303,0.07801789312969458,0.2155772044671092,0.4030491565705659
391,0.15550046163711917,0.027298955218356655,0.4426992278108874,0.37450135533363677
392,0.11864175210969034,0.3707051900200802,0.10003089167515282,0.41062216619507674
393,0.26472431612912245,0.30725062184613183,0.2426543507066979,0.18537071131804791
394,0.24151875911562357,0.24733144959853443,0.3822780148035765,0.12887177648226564
395,0.3539893448427267,0.326808153759166,0.19940693599863804,0.11979556539946914
396,0.3961869813269286,0.11436443341402873,0.3392374775856769,0.15021110767336582
397,0.1419832308903565,0.1739390296218486,0.3776075065294302,0.3064702329583648
398,0.4465284348494414,0.23958580609994296,0.29653868942778266,0.017347069622832903
399,0.2864580882473855,0.0255384315077957,0.4124183384111926,0.27558514183362626
400,0.2559337189184767,0.3129354309474765,0.2006801519043397,0.23045069822970715
401,0.3980193877045909,0.04400076214650127,0.23618643762841363,0.32179341252049426
402,0.332357676473954,0.12824078490197302,0.3794424475002289,0.1599590911238441
403,0.15120011463301444,0.4067974719115455,0.05758392004725599,0.384418493408184
404,0.038990854343933894,0.07537446933043054,0.44102570466275887,0.4446089716628766
405,0.287769875783986,0.4099070802111607,0.11016646824207386,0.1921565757627794
406,0.396419729014199,0.3406243902841461,0.028352830015730034,0.2346030506859249
407,0.3133690170090492,0.22896253262899252,0.22411382390713386,0.23355462645482433
408,0.2840514033785243,0.07195405617587955,0.3114333905359652,0.3325611499096309
409,0.20196443528357752,0.37776983541761844,0.05827986337228865,0.3619858659265155
410,0.337900018218577,0.04484015481162303,0.34506213771703687,0.2721976892527631
411,0.2977013362402745,0.25713057194509015,0.28292399537400453,0.1622440964406308
412,0.09258543757019315,0.19428900128359053,0.12269081686211133,0.590434744284105
413,0.17322256598513078,0.5078861167649087,0.114510192961281,0.20438112428867944
414,0.34542057547086835,0.3112274864924458,0.2309303294796248,0.11242160855706093
415,0.17749770243598065,0.2020824225056149,0.355135653081577,0.26528422197682733
416,0.05440073893726533,0.3564177554573536,0.2756531962510314,0.31352830935434967
417,0.31643268547671816,0.05003701156575665,0.20860003900750476,0.42493026395002054
418,0.06576754604867033,0.1953849021739387,0.7338677126386147,0.004979839138776202
419,0.22632292534151777,0.28211024389452904,0.35822152673544033,0.13334530402851286
420,0.10886188273221567,0.41469173794371267,0.029299242967543195,0.4471471363565284
421,0.019900749964160122,0.20273446418363691,0.2642103979036679,0.5131543879485351
422,0.35886944443972196,0.16858822682046015,0.05799668025826453,0.41454564848155345
423,0.39953424431270296,0.4768183092219228,0.12018835880977438,0.00345908765559977
424,0.25745258149784206,0.21118931246422679,0.17305469931817552,0.3583034067197555
425,0.4576881218384833,0.22107950819823569,0.023496462599118542,0.2977359073641625
426,0.29278515377861525,0.36815245330540797,0.22375086065988264,0.11531153225609417
427,0.3084086031569104,0.2124974067219919,0.36493012011781367,0.11416387000328404
428,0.12374224985934931,0.09910517100879282,0.3150065673493973,0.4621460117824605
429,0.2848044450472533,0.4470018861582235,0.16403427202596507,0.10415939676855814
430,0.24116297001483222,0.25873854357835324,0.39974836941388137,0.10035011699293321
431,0.17483914230280115,0.22075522214444968,0.2739956845388852,0.33040995101386417
432,0.39579534077467576,0.40521062257946955,0.18287950833368866,0.016114528312166136
433,0.17609013061928844,0.16847633424504674,0.31396273241084827,0.3414708027248166
434,0.22777477579287742,0.24265529497332325,0.1794293492384974,0.35014057999530196
435,0.23584729957872352,0.28144072586085317,0.28356764109197347,0.19914433346844987
436,0.21867427501625208,0.22069553108394804,0.2911941704598655,0.26943602343993445
437,0.3702766072738816,0.02594074115392197,0.2516316906954459,0.3521509608767506
438,0.13039557239362878,0.18705915938328657,0.448336062321588,0.23420920590149663
439,0.18168415430319185,0.23193578646397484,0.21975492908750482,0.3666251301453284
440,0.26424313781577147,0.11937155190241737,0.4148340169609235,0.2015512933208877
441,0.21694647363687647,0.2684350552155437,0.23634789837632048,0.2782705727712594
442,0.1009413651336673,0.28631936057137514,0.45606911577077,0.15667015852418772
443,0.23759867826929548,0.2229834922141479,0.1295925705744809,0.4098252589420756
444,0.36414810191522956,0.2523821335190315,0.03215961793971322,0.35131014662602583
445,0.0216894065724785,0.05045803875925048,0.5972477607617235,0.33060479390654746
446,0.22231557014919415,0.20660007723775628,0.15858596172011455,0.41249839089293505
447,0.1652122824011969,0.3065542819928112,0.2377880149573096,0.2904454206486822
448,0.20178900618632467,0.15776812554590325,0.18441784763756963,0.45602502063020234
449,0.31610500852081874,0.2141995856612407,0.20839562542950746,0.26129978038843316
450,0.059080381085074046,0.2278550942666174,0.33596796855006145,0.377096556098247
451,0.38468747990753666,0.17651518948436534,0.3827144117004506,0.056082918907647536
452,0.3801885322858747,0.15617519230834864,0.06889465006454361,0.39474162534123314
453,0.3577899763787711,0.347431361880422,0.05257415339012419,0.24220450835068272
454,0.05409749760755104,0.3028277257627665,0.452492843149692,0.19058193347999042
455,0.5177243506535776,0.054356887124734986,0.30804956559013197,0.11986919663155554
456,0.3733880973997624,0.23457391183780166,0.2681253309365161,0.12391265982591988
457,0.17600256597051328,0.40545262675544924,0.4103838212103589,0.008160986063678646
458,0.3318551436597556,0.21009626430189196,0.3144992309660656,0.1435493610722868
459,0.24241349232413317,0.47647273102238913,0.18708996331312194,0.09402381334035577
460,0.27035601489037814,0.18037153383172627,0.31925487573067257,0.23001757554722316
461,0.24436216028192015,0.5930256345923912,0.1254495311557028,0.037162673969985904
462,0.17827504909853417,0.1037057452402983,0.2842355351354851,0.43378367052568234
463,0.1646694058756903,0.25485742621879187,0.21293590821030076,0.36753725969521706
464,0.47151798997723177,0.24730017911009478,0.17744091659852432,0.10374091431414927
465,0.36322586851365,0.24876040533676394,0.27647040407899565,0.11154332207059044
466,0.30091407755786975,0.31453959900571493,0.30272359450187464,0.08182272893454061
467,0.32681774076565157,0.10508077174239634,0.31060708817439026,0.2574943993175618
468,0.39027357541765934,0.10666930236228,0.1263200266832584,0.37673709553680224
469,0.18322269909666336,0.2998126782263857,0.3566577956932755,0.16030682698367554
470,0.04045930335807927,0.3419806826092403,0.3335605926716411,0.2839994213610394
471,0.3619567026905703,0.18802117519261763,0.37069867611814505,0.07932344599866717
472,0.028258526631306367,0.3940307268638102,0.29964856877100293,0.27806217773388053
473,0.028025501879183172,0.4560722625362049,0.21353060998387483,0.30237162560073705
474,0.4237876797621208,0.12154528097581899,0.2807618535110466,0.1739051857510136
475,0.14752586345104102,0.26355108824418083,0.2937793494983285,0.2951436988064496
476,0.1567137131274485,0.38098542033642074,0.3224096646600924,0.13989120187603837
477,0.2698945936714309,0.34772373725165867,0.34955596838995384,0.032825700686956547
478,0.2928433309089898,0.07452724344001113,0.2823693134167397,0.3502601122342594
479,0.19191256854941138,0.25777099386571334,0.546216410449382,0.004100027135493276
480,0.3567088996414276,0.2724512978531178,0.19610195921191176,0.17473784329354292
481,0.2989922975673157,0.30357831837095045,0.3886081052625019,0.008821278799231714
482,0.024212499723353934,0.29686518028834863,0.5268297367485033,0.15209258323979422
483,0.18683181222754008,0.26969864084599837,0.1276065763951956,0.415862970531266
484,0.28755221485774446,0.24386148692768148,0.04504447355998021,0.4235418246545938
485,0.31654712891846126,0.29708332827762485,0.17971115395959628,0.20665838884431761
